chr22:42126499-42126521	gi|568815576|ref|NC_000022.11|	100.000	23	0	0	1	23	42126500	42126522	2.04e-05	42.8
chr22:42126499-42126521	gi|568815576|ref|NC_000022.11|	100.000	23	0	0	1	23	42140204	42140226	2.04e-05	42.8
chr22:42126499-42126521	gi|568815576|ref|NC_000022.11|	100.000	16	0	0	1	16	39755857	39755842	0.13	30.1
chr22:42126499-42126521	gi|568815576|ref|NC_000022.11|	100.000	14	0	0	7	20	15336511	15336498	1.6	26.5
chr22:42126499-42126521	gi|568815576|ref|NC_000022.11|	100.000	14	0	0	7	20	16206870	16206857	1.6	26.5
chr22:42126499-42126521	gi|568815576|ref|NC_000022.11|	89.474	19	2	0	2	20	24917262	24917280	1.6	26.5
chr22:42126499-42126521	gi|568815576|ref|NC_000022.11|	94.118	17	1	0	2	18	25287640	25287624	1.6	26.5
chr22:42126499-42126521	gi|568815576|ref|NC_000022.11|	100.000	13	0	0	7	19	27112356	27112368	5.5	24.7
chr22:42126499-42126521	gi|568815576|ref|NC_000022.11|	100.000	13	0	0	1	13	27432697	27432709	5.5	24.7
chr22:42126499-42126521	gi|568815576|ref|NC_000022.11|	93.750	16	1	0	3	18	28933321	28933306	5.5	24.7
chr22:42126499-42126521	gi|568815576|ref|NC_000022.11|	82.609	23	4	0	1	23	29845072	29845050	5.5	24.7
chr22:42126499-42126521	gi|568815576|ref|NC_000022.11|	100.000	13	0	0	5	17	31058929	31058941	5.5	24.7
chr22:42126499-42126521	gi|568815576|ref|NC_000022.11|	100.000	13	0	0	11	23	34751353	34751365	5.5	24.7
chr22:42126499-42126521	gi|568815576|ref|NC_000022.11|	100.000	13	0	0	4	16	35271888	35271900	5.5	24.7
chr22:42126799-42126821	gi|568815576|ref|NC_000022.11|	100.000	23	0	0	1	23	42126822	42126800	2.04e-05	42.8
chr22:42126799-42126821	gi|568815576|ref|NC_000022.11|	100.000	23	0	0	1	23	42140526	42140504	2.04e-05	42.8
chr22:42126799-42126821	gi|568815576|ref|NC_000022.11|	100.000	23	0	0	1	23	42150134	42150112	2.04e-05	42.8
chr22:42126799-42126821	gi|568815576|ref|NC_000022.11|	100.000	14	0	0	4	17	22900489	22900476	1.6	26.5
chr22:42126799-42126821	gi|568815576|ref|NC_000022.11|	100.000	14	0	0	4	17	22905855	22905842	1.6	26.5
chr22:42126799-42126821	gi|568815576|ref|NC_000022.11|	86.364	22	3	0	1	22	23322675	23322696	1.6	26.5
chr22:42126799-42126821	gi|568815576|ref|NC_000022.11|	100.000	14	0	0	3	16	48440471	48440484	1.6	26.5
chr22:42126799-42126821	gi|568815576|ref|NC_000022.11|	94.118	17	1	0	5	21	49947293	49947309	1.6	26.5
chr22:42126799-42126821	gi|568815576|ref|NC_000022.11|	100.000	13	0	0	6	18	19671988	19671976	5.5	24.7
chr22:42126799-42126821	gi|568815576|ref|NC_000022.11|	100.000	13	0	0	1	13	26029368	26029380	5.5	24.7
chr22:42126799-42126821	gi|568815576|ref|NC_000022.11|	100.000	13	0	0	6	18	27278708	27278696	5.5	24.7
chr22:42126799-42126821	gi|568815576|ref|NC_000022.11|	100.000	13	0	0	5	17	28882512	28882500	5.5	24.7
chr22:42126799-42126821	gi|568815576|ref|NC_000022.11|	100.000	13	0	0	5	17	36796513	36796525	5.5	24.7
chr22:42126799-42126821	gi|568815576|ref|NC_000022.11|	100.000	13	0	0	9	21	41097073	41097085	5.5	24.7
chr22:42126799-42126821	gi|568815576|ref|NC_000022.11|	100.000	13	0	0	10	22	49052388	49052376	5.5	24.7
chr22:42126799-42126821	gi|568815576|ref|NC_000022.11|	100.000	13	0	0	1	13	50603432	50603444	5.5	24.7
chr22:42127099-42127121	gi|568815576|ref|NC_000022.11|	100.000	23	0	0	1	23	42127100	42127122	2.04e-05	42.8
chr22:42127099-42127121	gi|568815576|ref|NC_000022.11|	100.000	23	0	0	1	23	42140804	42140826	2.04e-05	42.8
chr22:42127099-42127121	gi|568815576|ref|NC_000022.11|	95.652	23	1	0	1	23	42150406	42150428	8.68e-04	37.4
chr22:42127099-42127121	gi|568815576|ref|NC_000022.11|	93.750	16	1	0	6	21	19432585	19432600	5.5	24.7
chr22:42127399-42127421	gi|568815576|ref|NC_000022.11|	100.000	23	0	0	1	23	42127422	42127400	2.04e-05	42.8
chr22:42127399-42127421	gi|568815576|ref|NC_000022.11|	95.652	23	1	0	1	23	42141127	42141105	8.68e-04	37.4
chr22:42127399-42127421	gi|568815576|ref|NC_000022.11|	95.652	23	1	0	1	23	42150730	42150708	8.68e-04	37.4
chr22:42127399-42127421	gi|568815576|ref|NC_000022.11|	94.737	19	1	0	2	20	37122470	37122452	0.13	30.1
chr22:42127399-42127421	gi|568815576|ref|NC_000022.11|	100.000	16	0	0	2	17	45973047	45973032	0.13	30.1
chr22:42127399-42127421	gi|568815576|ref|NC_000022.11|	94.444	18	1	0	6	23	34333290	34333307	0.45	28.3
chr22:42127399-42127421	gi|568815576|ref|NC_000022.11|	100.000	15	0	0	2	16	43397606	43397592	0.45	28.3
chr22:42127399-42127421	gi|568815576|ref|NC_000022.11|	100.000	15	0	0	3	17	49993517	49993531	0.45	28.3
chr22:42127399-42127421	gi|568815576|ref|NC_000022.11|	100.000	14	0	0	1	14	17822954	17822967	1.6	26.5
chr22:42127399-42127421	gi|568815576|ref|NC_000022.11|	100.000	14	0	0	8	21	20634947	20634934	1.6	26.5
chr22:42127399-42127421	gi|568815576|ref|NC_000022.11|	94.118	17	1	0	2	18	21026507	21026523	1.6	26.5
chr22:42127399-42127421	gi|568815576|ref|NC_000022.11|	100.000	14	0	0	5	18	25852067	25852080	1.6	26.5
chr22:42127399-42127421	gi|568815576|ref|NC_000022.11|	100.000	14	0	0	10	23	27989991	27990004	1.6	26.5
chr22:42127399-42127421	gi|568815576|ref|NC_000022.11|	100.000	14	0	0	8	21	27997428	27997441	1.6	26.5
chr22:42127399-42127421	gi|568815576|ref|NC_000022.11|	100.000	14	0	0	4	17	28906753	28906740	1.6	26.5
chr22:42127399-42127421	gi|568815576|ref|NC_000022.11|	100.000	14	0	0	9	22	30089892	30089905	1.6	26.5
chr22:42127399-42127421	gi|568815576|ref|NC_000022.11|	100.000	14	0	0	9	22	31331041	31331028	1.6	26.5
chr22:42127399-42127421	gi|568815576|ref|NC_000022.11|	100.000	14	0	0	9	22	37244592	37244579	1.6	26.5
chr22:42127399-42127421	gi|568815576|ref|NC_000022.11|	100.000	14	0	0	1	14	37389723	37389710	1.6	26.5
chr22:42127399-42127421	gi|568815576|ref|NC_000022.11|	89.474	19	2	0	1	19	41936984	41936966	1.6	26.5
chr22:42127399-42127421	gi|568815576|ref|NC_000022.11|	100.000	14	0	0	1	14	44624261	44624274	1.6	26.5
chr22:42127399-42127421	gi|568815576|ref|NC_000022.11|	100.000	14	0	0	2	15	46103735	46103722	1.6	26.5
chr22:42127399-42127421	gi|568815576|ref|NC_000022.11|	100.000	13	0	0	6	18	17120984	17120972	5.5	24.7
chr22:42127399-42127421	gi|568815576|ref|NC_000022.11|	100.000	13	0	0	6	18	19137788	19137800	5.5	24.7
chr22:42127399-42127421	gi|568815576|ref|NC_000022.11|	88.889	18	2	0	3	20	19522314	19522297	5.5	24.7
chr22:42127399-42127421	gi|568815576|ref|NC_000022.11|	100.000	13	0	0	11	23	19976009	19975997	5.5	24.7
chr22:42127399-42127421	gi|568815576|ref|NC_000022.11|	100.000	13	0	0	6	18	20652765	20652753	5.5	24.7
chr22:42127399-42127421	gi|568815576|ref|NC_000022.11|	100.000	13	0	0	9	21	21956385	21956397	5.5	24.7
chr22:42127399-42127421	gi|568815576|ref|NC_000022.11|	100.000	13	0	0	9	21	22222457	22222469	5.5	24.7
chr22:42127399-42127421	gi|568815576|ref|NC_000022.11|	93.750	16	1	0	6	21	23281555	23281540	5.5	24.7
chr22:42127399-42127421	gi|568815576|ref|NC_000022.11|	93.750	16	1	0	6	21	23692816	23692831	5.5	24.7
chr22:42127399-42127421	gi|568815576|ref|NC_000022.11|	100.000	13	0	0	10	22	26083789	26083777	5.5	24.7
chr22:42127399-42127421	gi|568815576|ref|NC_000022.11|	100.000	13	0	0	1	13	28531539	28531551	5.5	24.7
chr22:42127399-42127421	gi|568815576|ref|NC_000022.11|	100.000	13	0	0	1	13	29516421	29516433	5.5	24.7
chr22:42127399-42127421	gi|568815576|ref|NC_000022.11|	88.889	18	2	0	1	18	31097336	31097353	5.5	24.7
chr22:42127399-42127421	gi|568815576|ref|NC_000022.11|	93.750	16	1	0	4	19	31122420	31122405	5.5	24.7
chr22:42127399-42127421	gi|568815576|ref|NC_000022.11|	100.000	13	0	0	6	18	34333272	34333284	5.5	24.7
chr22:42127399-42127421	gi|568815576|ref|NC_000022.11|	100.000	13	0	0	6	18	34333278	34333290	5.5	24.7
chr22:42127399-42127421	gi|568815576|ref|NC_000022.11|	100.000	13	0	0	6	18	34333284	34333296	5.5	24.7
chr22:42127399-42127421	gi|568815576|ref|NC_000022.11|	94.444	18	0	1	1	18	34335701	34335685	5.5	24.7
chr22:42127399-42127421	gi|568815576|ref|NC_000022.11|	100.000	13	0	0	11	23	35346617	35346605	5.5	24.7
chr22:42127399-42127421	gi|568815576|ref|NC_000022.11|	88.889	18	2	0	4	21	37256153	37256136	5.5	24.7
chr22:42127399-42127421	gi|568815576|ref|NC_000022.11|	100.000	13	0	0	9	21	39420981	39420969	5.5	24.7
chr22:42127399-42127421	gi|568815576|ref|NC_000022.11|	100.000	13	0	0	9	21	39421033	39421021	5.5	24.7
chr22:42127399-42127421	gi|568815576|ref|NC_000022.11|	100.000	13	0	0	6	18	40586923	40586911	5.5	24.7
chr22:42127399-42127421	gi|568815576|ref|NC_000022.11|	100.000	13	0	0	6	18	40586929	40586917	5.5	24.7
chr22:42127399-42127421	gi|568815576|ref|NC_000022.11|	100.000	13	0	0	1	13	41140817	41140805	5.5	24.7
chr22:42127399-42127421	gi|568815576|ref|NC_000022.11|	100.000	13	0	0	9	21	41754784	41754772	5.5	24.7
chr22:42127399-42127421	gi|568815576|ref|NC_000022.11|	100.000	13	0	0	4	16	43946337	43946325	5.5	24.7
chr22:42127399-42127421	gi|568815576|ref|NC_000022.11|	88.889	18	2	0	6	23	44116601	44116584	5.5	24.7
chr22:42127399-42127421	gi|568815576|ref|NC_000022.11|	100.000	13	0	0	11	23	44134912	44134924	5.5	24.7
chr22:42127399-42127421	gi|568815576|ref|NC_000022.11|	93.750	16	1	0	3	18	44268572	44268587	5.5	24.7
chr22:42127399-42127421	gi|568815576|ref|NC_000022.11|	100.000	13	0	0	8	20	44859469	44859457	5.5	24.7
chr22:42127399-42127421	gi|568815576|ref|NC_000022.11|	100.000	13	0	0	11	23	45962428	45962416	5.5	24.7
chr22:42127399-42127421	gi|568815576|ref|NC_000022.11|	100.000	13	0	0	3	15	46606064	46606052	5.5	24.7
chr22:42127399-42127421	gi|568815576|ref|NC_000022.11|	100.000	13	0	0	3	15	46606193	46606181	5.5	24.7
chr22:42127399-42127421	gi|568815576|ref|NC_000022.11|	100.000	13	0	0	3	15	46606225	46606213	5.5	24.7
chr22:42127399-42127421	gi|568815576|ref|NC_000022.11|	100.000	13	0	0	3	15	46606516	46606504	5.5	24.7
chr22:42127399-42127421	gi|568815576|ref|NC_000022.11|	88.889	18	2	0	3	20	46661585	46661568	5.5	24.7
chr22:42127399-42127421	gi|568815576|ref|NC_000022.11|	88.889	18	2	0	3	20	46796000	46795983	5.5	24.7
chr22:42127399-42127421	gi|568815576|ref|NC_000022.11|	100.000	13	0	0	2	14	50442297	50442309	5.5	24.7
chr22:42127699-42127721	gi|568815576|ref|NC_000022.11|	100.000	23	0	0	1	23	42127700	42127722	2.04e-05	42.8
chr22:42127699-42127721	gi|568815576|ref|NC_000022.11|	95.238	21	1	0	1	21	42151002	42151022	0.011	33.7
chr22:42127699-42127721	gi|568815576|ref|NC_000022.11|	94.444	18	1	0	3	20	36514856	36514873	0.45	28.3
chr22:42127699-42127721	gi|568815576|ref|NC_000022.11|	100.000	14	0	0	6	19	35272174	35272187	1.6	26.5
chr22:42127699-42127721	gi|568815576|ref|NC_000022.11|	100.000	13	0	0	3	15	20091385	20091397	5.5	24.7
chr22:42127699-42127721	gi|568815576|ref|NC_000022.11|	93.750	16	1	0	4	19	21656657	21656672	5.5	24.7
chr22:42127699-42127721	gi|568815576|ref|NC_000022.11|	93.750	16	1	0	5	20	22999996	22999981	5.5	24.7
chr22:42127699-42127721	gi|568815576|ref|NC_000022.11|	93.750	16	1	0	7	22	26485814	26485799	5.5	24.7
chr22:42127699-42127721	gi|568815576|ref|NC_000022.11|	100.000	13	0	0	3	15	31870612	31870624	5.5	24.7
chr22:42127699-42127721	gi|568815576|ref|NC_000022.11|	93.750	16	1	0	6	21	42947985	42947970	5.5	24.7
chr22:42127699-42127721	gi|568815576|ref|NC_000022.11|	88.889	18	2	0	2	19	46342939	46342956	5.5	24.7
chr22:42127699-42127721	gi|568815576|ref|NC_000022.11|	93.750	16	1	0	5	20	47774364	47774349	5.5	24.7
chr22:42127699-42127721	gi|568815576|ref|NC_000022.11|	88.889	18	2	0	1	18	47862847	47862864	5.5	24.7
chr22:42127699-42127721	gi|568815576|ref|NC_000022.11|	100.000	13	0	0	2	14	49710852	49710864	5.5	24.7
chr22:42127699-42127721	gi|568815576|ref|NC_000022.11|	100.000	13	0	0	10	22	49728280	49728292	5.5	24.7
chr22:42127999-42128021	gi|568815576|ref|NC_000022.11|	100.000	23	0	0	1	23	42128022	42128000	2.04e-05	42.8
chr22:42127999-42128021	gi|568815576|ref|NC_000022.11|	100.000	14	0	0	9	22	38653842	38653829	1.6	26.5
chr22:42127999-42128021	gi|568815576|ref|NC_000022.11|	100.000	14	0	0	1	14	42631007	42630994	1.6	26.5
chr22:42127999-42128021	gi|568815576|ref|NC_000022.11|	88.889	18	2	0	5	22	17548579	17548562	5.5	24.7
chr22:42127999-42128021	gi|568815576|ref|NC_000022.11|	100.000	13	0	0	1	13	42128371	42128359	5.5	24.7
chr22:42127999-42128021	gi|568815576|ref|NC_000022.11|	100.000	13	0	0	1	13	42142065	42142053	5.5	24.7
chr22:42127999-42128021	gi|568815576|ref|NC_000022.11|	90.000	20	0	1	3	20	42151324	42151305	5.5	24.7
chr22:42127999-42128021	gi|568815576|ref|NC_000022.11|	100.000	13	0	0	1	13	50018501	50018489	5.5	24.7
chr22:42128299-42128321	gi|568815576|ref|NC_000022.11|	100.000	23	0	0	1	23	42128300	42128322	2.04e-05	42.8
chr22:42128299-42128321	gi|568815576|ref|NC_000022.11|	100.000	21	0	0	1	21	42141994	42142014	2.49e-04	39.2
chr22:42128299-42128321	gi|568815576|ref|NC_000022.11|	95.238	21	1	0	1	21	42151598	42151618	0.011	33.7
chr22:42128299-42128321	gi|568815576|ref|NC_000022.11|	100.000	16	0	0	3	18	50280379	50280364	0.13	30.1
chr22:42128299-42128321	gi|568815576|ref|NC_000022.11|	89.474	19	2	0	2	20	20917179	20917197	1.6	26.5
chr22:42128299-42128321	gi|568815576|ref|NC_000022.11|	100.000	14	0	0	4	17	27316084	27316097	1.6	26.5
chr22:42128299-42128321	gi|568815576|ref|NC_000022.11|	100.000	14	0	0	6	19	37719414	37719401	1.6	26.5
chr22:42128299-42128321	gi|568815576|ref|NC_000022.11|	100.000	13	0	0	6	18	18719857	18719845	5.5	24.7
chr22:42128299-42128321	gi|568815576|ref|NC_000022.11|	88.889	18	2	0	3	20	19984872	19984855	5.5	24.7
chr22:42128299-42128321	gi|568815576|ref|NC_000022.11|	93.750	16	1	0	3	18	24178104	24178119	5.5	24.7
chr22:42128299-42128321	gi|568815576|ref|NC_000022.11|	100.000	13	0	0	1	13	31481092	31481104	5.5	24.7
chr22:42128299-42128321	gi|568815576|ref|NC_000022.11|	100.000	13	0	0	7	19	37234129	37234141	5.5	24.7
chr22:42128599-42128621	gi|568815576|ref|NC_000022.11|	100.000	23	0	0	1	23	42128622	42128600	2.04e-05	42.8
chr22:42128599-42128621	gi|568815576|ref|NC_000022.11|	100.000	23	0	0	1	23	42142317	42142295	2.04e-05	42.8
chr22:42128599-42128621	gi|568815576|ref|NC_000022.11|	91.304	23	2	0	1	23	42151933	42151911	0.011	33.7
chr22:42128599-42128621	gi|568815576|ref|NC_000022.11|	89.474	19	2	0	4	22	25641486	25641504	1.6	26.5
chr22:42128599-42128621	gi|568815576|ref|NC_000022.11|	91.304	23	0	2	2	23	36718649	36718670	1.6	26.5
chr22:42128599-42128621	gi|568815576|ref|NC_000022.11|	93.750	16	1	0	1	16	31376324	31376309	5.5	24.7
chr22:42128599-42128621	gi|568815576|ref|NC_000022.11|	93.750	16	1	0	6	21	43208209	43208224	5.5	24.7
chr22:42128899-42128921	gi|568815576|ref|NC_000022.11|	100.000	23	0	0	1	23	42128900	42128922	2.04e-05	42.8
chr22:42128899-42128921	gi|568815576|ref|NC_000022.11|	100.000	22	0	0	1	22	42142595	42142616	7.13e-05	41.0
chr22:42128899-42128921	gi|568815576|ref|NC_000022.11|	94.444	18	1	0	1	18	22661679	22661662	0.45	28.3
chr22:42128899-42128921	gi|568815576|ref|NC_000022.11|	94.444	18	1	0	1	18	22695172	22695155	0.45	28.3
chr22:42128899-42128921	gi|568815576|ref|NC_000022.11|	94.444	18	1	0	1	18	22748023	22748006	0.45	28.3
chr22:42128899-42128921	gi|568815576|ref|NC_000022.11|	94.444	18	1	0	1	18	22850759	22850742	0.45	28.3
chr22:42128899-42128921	gi|568815576|ref|NC_000022.11|	94.444	18	1	0	1	18	48075382	48075365	0.45	28.3
chr22:42128899-42128921	gi|568815576|ref|NC_000022.11|	100.000	15	0	0	6	20	49284191	49284205	0.45	28.3
chr22:42128899-42128921	gi|568815576|ref|NC_000022.11|	100.000	14	0	0	8	21	25122621	25122608	1.6	26.5
chr22:42128899-42128921	gi|568815576|ref|NC_000022.11|	93.750	16	1	0	3	18	22687381	22687366	5.5	24.7
chr22:42128899-42128921	gi|568815576|ref|NC_000022.11|	93.750	16	1	0	3	18	22755937	22755922	5.5	24.7
chr22:42128899-42128921	gi|568815576|ref|NC_000022.11|	100.000	13	0	0	5	17	28964852	28964840	5.5	24.7
chr22:42128899-42128921	gi|568815576|ref|NC_000022.11|	100.000	13	0	0	2	14	38082754	38082766	5.5	24.7
chr22:42128899-42128921	gi|568815576|ref|NC_000022.11|	88.889	18	2	0	1	18	45870206	45870189	5.5	24.7
chr22:42128899-42128921	gi|568815576|ref|NC_000022.11|	93.750	16	1	0	3	18	48075072	48075057	5.5	24.7
chr22:42129199-42129221	gi|568815576|ref|NC_000022.11|	100.000	23	0	0	1	23	42129222	42129200	2.04e-05	42.8
chr22:42129199-42129221	gi|568815576|ref|NC_000022.11|	100.000	13	0	0	1	13	33304303	33304315	5.5	24.7
chr22:42129199-42129221	gi|568815576|ref|NC_000022.11|	100.000	13	0	0	10	22	50217041	50217029	5.5	24.7
chr22:42129499-42129521	gi|568815576|ref|NC_000022.11|	100.000	23	0	0	1	23	42129500	42129522	2.04e-05	42.8
chr22:42129499-42129521	gi|568815576|ref|NC_000022.11|	90.476	21	2	0	2	22	11718096	11718076	0.13	30.1
chr22:42129499-42129521	gi|568815576|ref|NC_000022.11|	90.476	21	2	0	2	22	11836201	11836181	0.13	30.1
chr22:42129499-42129521	gi|568815576|ref|NC_000022.11|	90.476	21	2	0	2	22	12156146	12156166	0.13	30.1
chr22:42129499-42129521	gi|568815576|ref|NC_000022.11|	100.000	14	0	0	1	14	23356938	23356951	1.6	26.5
chr22:42129499-42129521	gi|568815576|ref|NC_000022.11|	100.000	14	0	0	10	23	29433403	29433390	1.6	26.5
chr22:42129499-42129521	gi|568815576|ref|NC_000022.11|	86.957	23	0	1	4	23	42155006	42155028	1.6	26.5
chr22:42129499-42129521	gi|568815576|ref|NC_000022.11|	89.474	19	2	0	1	19	44330537	44330519	1.6	26.5
chr22:42129499-42129521	gi|568815576|ref|NC_000022.11|	94.118	17	1	0	1	17	44338604	44338588	1.6	26.5
chr22:42129499-42129521	gi|568815576|ref|NC_000022.11|	94.118	17	1	0	2	18	45900811	45900827	1.6	26.5
chr22:42129499-42129521	gi|568815576|ref|NC_000022.11|	87.500	24	2	1	1	23	46203364	46203341	1.6	26.5
chr22:42129499-42129521	gi|568815576|ref|NC_000022.11|	100.000	14	0	0	1	14	48949227	48949240	1.6	26.5
chr22:42129499-42129521	gi|568815576|ref|NC_000022.11|	93.750	16	1	0	6	21	15772446	15772431	5.5	24.7
chr22:42129499-42129521	gi|568815576|ref|NC_000022.11|	100.000	13	0	0	1	13	23379540	23379528	5.5	24.7
chr22:42129499-42129521	gi|568815576|ref|NC_000022.11|	100.000	13	0	0	1	13	23686876	23686888	5.5	24.7
chr22:42129499-42129521	gi|568815576|ref|NC_000022.11|	100.000	13	0	0	9	21	24069928	24069916	5.5	24.7
chr22:42129499-42129521	gi|568815576|ref|NC_000022.11|	100.000	13	0	0	2	14	24224836	24224848	5.5	24.7
chr22:42129499-42129521	gi|568815576|ref|NC_000022.11|	100.000	13	0	0	1	13	24507073	24507085	5.5	24.7
chr22:42129499-42129521	gi|568815576|ref|NC_000022.11|	100.000	13	0	0	1	13	28807693	28807681	5.5	24.7
chr22:42129499-42129521	gi|568815576|ref|NC_000022.11|	93.750	16	1	0	8	23	31059422	31059407	5.5	24.7
chr22:42129499-42129521	gi|568815576|ref|NC_000022.11|	100.000	13	0	0	1	13	46123084	46123072	5.5	24.7
chr22:42129499-42129521	gi|568815576|ref|NC_000022.11|	100.000	13	0	0	1	13	46650192	46650180	5.5	24.7
chr22:42129499-42129521	gi|568815576|ref|NC_000022.11|	100.000	13	0	0	2	14	49099585	49099573	5.5	24.7
chr22:42129799-42129821	gi|568815576|ref|NC_000022.11|	100.000	23	0	0	1	23	42129822	42129800	2.04e-05	42.8
chr22:42129799-42129821	gi|568815576|ref|NC_000022.11|	94.118	17	1	0	7	23	46701514	46701530	1.6	26.5
chr22:42129799-42129821	gi|568815576|ref|NC_000022.11|	85.714	21	3	0	3	23	34064693	34064673	5.5	24.7
chr22:42129799-42129821	gi|568815576|ref|NC_000022.11|	100.000	13	0	0	6	18	46044329	46044341	5.5	24.7
chr22:42130099-42130121	gi|568815576|ref|NC_000022.11|	100.000	23	0	0	1	23	42130100	42130122	2.04e-05	42.8
chr22:42130099-42130121	gi|568815576|ref|NC_000022.11|	100.000	23	0	0	1	23	42143772	42143794	2.04e-05	42.8
chr22:42130099-42130121	gi|568815576|ref|NC_000022.11|	100.000	23	0	0	1	23	42153406	42153428	2.04e-05	42.8
chr22:42130099-42130121	gi|568815576|ref|NC_000022.11|	100.000	15	0	0	3	17	24724327	24724341	0.45	28.3
chr22:42130099-42130121	gi|568815576|ref|NC_000022.11|	100.000	14	0	0	3	16	10662238	10662225	1.6	26.5
chr22:42130099-42130121	gi|568815576|ref|NC_000022.11|	100.000	14	0	0	3	16	16881064	16881051	1.6	26.5
chr22:42130099-42130121	gi|568815576|ref|NC_000022.11|	100.000	14	0	0	4	17	26905588	26905575	1.6	26.5
chr22:42130099-42130121	gi|568815576|ref|NC_000022.11|	89.474	19	2	0	4	22	29609217	29609235	1.6	26.5
chr22:42130099-42130121	gi|568815576|ref|NC_000022.11|	94.118	17	1	0	2	18	37175620	37175604	1.6	26.5
chr22:42130099-42130121	gi|568815576|ref|NC_000022.11|	93.750	16	1	0	5	20	11702179	11702194	5.5	24.7
chr22:42130099-42130121	gi|568815576|ref|NC_000022.11|	93.750	16	1	0	4	19	19708836	19708851	5.5	24.7
chr22:42130099-42130121	gi|568815576|ref|NC_000022.11|	100.000	13	0	0	2	14	24673065	24673077	5.5	24.7
chr22:42130099-42130121	gi|568815576|ref|NC_000022.11|	93.750	16	1	0	5	20	37236676	37236691	5.5	24.7
chr22:42130099-42130121	gi|568815576|ref|NC_000022.11|	100.000	13	0	0	2	14	43613684	43613672	5.5	24.7
chr22:42130399-42130421	gi|568815576|ref|NC_000022.11|	100.000	23	0	0	1	23	42130422	42130400	2.04e-05	42.8
chr22:42130399-42130421	gi|568815576|ref|NC_000022.11|	100.000	23	0	0	1	23	42144094	42144072	2.04e-05	42.8
chr22:42130399-42130421	gi|568815576|ref|NC_000022.11|	100.000	23	0	0	1	23	42154654	42154632	2.04e-05	42.8
chr22:42130399-42130421	gi|568815576|ref|NC_000022.11|	100.000	15	0	0	9	23	18638263	18638277	0.45	28.3
chr22:42130399-42130421	gi|568815576|ref|NC_000022.11|	100.000	15	0	0	9	23	19033818	19033832	0.45	28.3
chr22:42130399-42130421	gi|568815576|ref|NC_000022.11|	100.000	15	0	0	9	23	21357020	21357006	0.45	28.3
chr22:42130399-42130421	gi|568815576|ref|NC_000022.11|	100.000	15	0	0	1	15	44750866	44750880	0.45	28.3
chr22:42130399-42130421	gi|568815576|ref|NC_000022.11|	100.000	15	0	0	5	19	45884769	45884783	0.45	28.3
chr22:42130399-42130421	gi|568815576|ref|NC_000022.11|	94.444	18	1	0	5	22	48495755	48495738	0.45	28.3
chr22:42130399-42130421	gi|568815576|ref|NC_000022.11|	100.000	14	0	0	6	19	16762886	16762873	1.6	26.5
chr22:42130399-42130421	gi|568815576|ref|NC_000022.11|	94.118	17	1	0	7	23	20294123	20294107	1.6	26.5
chr22:42130399-42130421	gi|568815576|ref|NC_000022.11|	94.118	17	1	0	7	23	20971569	20971585	1.6	26.5
chr22:42130399-42130421	gi|568815576|ref|NC_000022.11|	94.118	17	1	0	6	22	22900544	22900528	1.6	26.5
chr22:42130399-42130421	gi|568815576|ref|NC_000022.11|	94.118	17	1	0	6	22	22905910	22905894	1.6	26.5
chr22:42130399-42130421	gi|568815576|ref|NC_000022.11|	89.474	19	2	0	5	23	27391554	27391572	1.6	26.5
chr22:42130399-42130421	gi|568815576|ref|NC_000022.11|	89.474	19	2	0	1	19	38016884	38016902	1.6	26.5
chr22:42130399-42130421	gi|568815576|ref|NC_000022.11|	100.000	14	0	0	10	23	41866582	41866595	1.6	26.5
chr22:42130399-42130421	gi|568815576|ref|NC_000022.11|	100.000	14	0	0	6	19	45562572	45562585	1.6	26.5
chr22:42130399-42130421	gi|568815576|ref|NC_000022.11|	94.118	17	1	0	5	21	45749131	45749115	1.6	26.5
chr22:42130399-42130421	gi|568815576|ref|NC_000022.11|	94.737	19	0	1	1	19	46635992	46635975	1.6	26.5
chr22:42130399-42130421	gi|568815576|ref|NC_000022.11|	94.737	19	0	1	5	23	48588709	48588726	1.6	26.5
chr22:42130399-42130421	gi|568815576|ref|NC_000022.11|	100.000	14	0	0	6	19	48606870	48606857	1.6	26.5
chr22:42130399-42130421	gi|568815576|ref|NC_000022.11|	100.000	14	0	0	10	23	50115249	50115262	1.6	26.5
chr22:42130399-42130421	gi|568815576|ref|NC_000022.11|	93.750	16	1	0	7	22	19173578	19173563	5.5	24.7
chr22:42130399-42130421	gi|568815576|ref|NC_000022.11|	100.000	13	0	0	11	23	20610642	20610654	5.5	24.7
chr22:42130399-42130421	gi|568815576|ref|NC_000022.11|	93.750	16	1	0	8	23	27825397	27825382	5.5	24.7
chr22:42130399-42130421	gi|568815576|ref|NC_000022.11|	100.000	13	0	0	7	19	30217809	30217797	5.5	24.7
chr22:42130399-42130421	gi|568815576|ref|NC_000022.11|	93.750	16	1	0	8	23	30248821	30248806	5.5	24.7
chr22:42130399-42130421	gi|568815576|ref|NC_000022.11|	100.000	13	0	0	10	22	33860477	33860489	5.5	24.7
chr22:42130399-42130421	gi|568815576|ref|NC_000022.11|	93.750	16	1	0	5	20	37366424	37366439	5.5	24.7
chr22:42130399-42130421	gi|568815576|ref|NC_000022.11|	100.000	13	0	0	7	19	37635588	37635600	5.5	24.7
chr22:42130399-42130421	gi|568815576|ref|NC_000022.11|	93.750	16	1	0	8	23	40983086	40983101	5.5	24.7
chr22:42130399-42130421	gi|568815576|ref|NC_000022.11|	100.000	13	0	0	7	19	41699786	41699774	5.5	24.7
chr22:42130399-42130421	gi|568815576|ref|NC_000022.11|	100.000	13	0	0	10	22	42128649	42128637	5.5	24.7
chr22:42130399-42130421	gi|568815576|ref|NC_000022.11|	93.750	16	1	0	6	21	42131049	42131034	5.5	24.7
chr22:42130399-42130421	gi|568815576|ref|NC_000022.11|	100.000	13	0	0	10	22	42142344	42142332	5.5	24.7
chr22:42130399-42130421	gi|568815576|ref|NC_000022.11|	100.000	13	0	0	6	18	42303381	42303369	5.5	24.7
chr22:42130399-42130421	gi|568815576|ref|NC_000022.11|	100.000	13	0	0	11	23	42651157	42651169	5.5	24.7
chr22:42130399-42130421	gi|568815576|ref|NC_000022.11|	100.000	13	0	0	8	20	48262747	48262735	5.5	24.7
chr22:42130399-42130421	gi|568815576|ref|NC_000022.11|	100.000	13	0	0	11	23	48651413	48651425	5.5	24.7
chr22:42130399-42130421	gi|568815576|ref|NC_000022.11|	100.000	13	0	0	11	23	49253077	49253065	5.5	24.7
chr22:42130399-42130421	gi|568815576|ref|NC_000022.11|	100.000	13	0	0	8	20	49776332	49776320	5.5	24.7
chr22:42130399-42130421	gi|568815576|ref|NC_000022.11|	100.000	13	0	0	11	23	50431854	50431866	5.5	24.7
chr22:42130699-42130721	gi|568815576|ref|NC_000022.11|	100.000	23	0	0	1	23	42130700	42130722	2.04e-05	42.8
chr22:42130699-42130721	gi|568815576|ref|NC_000022.11|	95.652	23	1	0	1	23	42144373	42144395	8.68e-04	37.4
chr22:42130699-42130721	gi|568815576|ref|NC_000022.11|	100.000	14	0	0	1	14	42379729	42379742	1.6	26.5
chr22:42130699-42130721	gi|568815576|ref|NC_000022.11|	100.000	14	0	0	4	17	50582309	50582296	1.6	26.5
chr22:42130699-42130721	gi|568815576|ref|NC_000022.11|	100.000	13	0	0	3	15	22769720	22769708	5.5	24.7
chr22:42130699-42130721	gi|568815576|ref|NC_000022.11|	82.609	23	4	0	1	23	30232968	30232990	5.5	24.7
chr22:42130699-42130721	gi|568815576|ref|NC_000022.11|	94.444	18	0	1	4	20	45502876	45502893	5.5	24.7
chr22:42130699-42130721	gi|568815576|ref|NC_000022.11|	100.000	13	0	0	2	14	46069829	46069841	5.5	24.7
